    4.50000    0.00000    0.00000    0.00000    2.00000    1.00000    0.00000    2.80000
    1.00000    1.00000    0.00000    0.00000    2.00000   -0.40000    0.10000    0.50000
   -3.43921   -0.75271    0.97661    0.00028   -2.11212
...
    4.50000    0.00000    0.00000    0.00000    2.00000    1.00000    0.00000    2.80000
    1.00000    0.00000    0.00000    0.00000    2.00000   -0.40000    0.10000    0.50000
   -2.94571   -0.19653    0.97661    0.04151   -1.61178
...
    1.00000    0.00000    0.00000    0.00000    2.00000    1.00000   -0.20000    0.50000
    6.00000    0.00000    0.00000    0.00000    2.00000   -0.60000    0.30000    4.50000
   -0.32183    0.39267   -0.10406   -0.26845   -1.15296
...
    1.00000    0.00000    0.00000    0.00000    0.50000   -2.00000   -0.80000    6.50000
    0.10000    0.00000    0.00000    0.00000    0.50000    0.10000   -1.00000    1.00000
   -0.27328    0.00167   -1.86490    0.24786    0.39516
...
   10.00000    0.00000    0.00000    0.00000    0.01000    1.00000    0.10000    8.50000
    0.70000    0.00000    0.00000    0.00000    0.01000    0.80000   -0.80000    2.00000
   -0.07122   -0.08162   -0.67060    0.15404    0.19411
...
    8.00000    0.00000    0.00000    0.00000    0.10000    1.50000    0.20000    9.00000
    1.00000    0.00000    0.00000    0.00000    0.10000   -0.50000    0.50000    1.00000
   -0.15626    0.10072    1.91552    0.37543    0.55629
...
    8.00000    0.00000    0.00000    0.00000    0.01000    0.00000    1.90000    9.00000
    1.00000    0.00000    0.00000    0.00000    0.01000    0.50000    0.00000    1.00000
   -0.09946    0.16254    0.61685    0.13609    0.60836
...
    8.00000    0.00000    0.00000    0.00000    0.70000    0.10000    0.00000    8.00000
    1.00000    0.00000    0.00000    0.00000    0.70000   -0.30000    0.00000    1.00000
   -0.35818   -0.00758   -3.14159    0.19689    0.47622
...
    8.00000    0.00000    0.00000    0.00000    0.10000    0.10000    0.00000    8.00000
    1.00000    0.00000    0.00000    0.00000    0.10000   -0.10000    0.00000    1.00000
   -0.16095   -0.00046   -3.14159    0.05687    0.49150
...
    2.00000    0.00000    0.00000    0.00000    0.01000    0.01000    0.00000    8.00000
    0.10000    0.00000    0.00000    0.00000    0.01000    0.01000    0.00000    1.00000
   -0.11685   -0.00002    0.00000    0.00222    0.34906
...
    2.00000    0.00000    0.00000    0.00000    0.01000    0.01000    0.00000    1.00000
    0.10000    0.00000    0.00000    0.00000    0.01000    0.01000    0.01000    2.00000
    0.28329    0.00094    0.66559    0.00030   -0.00965    
...
    1.00000    0.00000    0.00000    0.00000    0.01000    0.01000    0.00000    1.00000
    3.00000    0.00000    0.00000    0.00000    0.01000    0.01000    0.01000    0.10000
   -0.04596   -0.00006    0.47186    0.02851    1.30576
...
    8.00000    0.00000    0.00000    0.00000    0.01000    0.01000    0.00000    8.00000
    1.00000    0.00000    0.00000    0.00000    0.01000    0.01000    0.00000    1.00000
   -0.09768   -0.00001    0.00000    0.00300    0.49209
...
    6.00000    0.00000    0.00000    0.00000    2.00000   -1.00000    0.50000    4.50000
    1.00000    0.00000    0.00000    0.00000    2.00000   -0.40000   -1.50000    0.50000
   -0.60348   -0.32493    4.15963    0.50041   -0.08035
...
    4.00000    0.00000    0.00000    0.00000    0.50000    0.00000    0.50000    6.00000
    1.00000    0.00000    0.00000    0.00000    0.50000    0.00000    2.50000    0.40000
   -0.09296   -0.37324    1.57080    1.09382    0.22795
...
    1.00000    0.00000    0.00000    0.00000    1.50000    0.00000    0.50000    2.00000
    0.10000    0.00000    0.00000    0.00000    1.50000    0.70000   -1.50000    0.10000
   -0.01766   -0.66718   -1.08963    0.69316   -0.21861
...
    3.00000    0.00000    0.00000    0.00000    2.50000   -2.00000    1.50000    1.50000
    0.90000    0.00000    0.00000    0.00000    2.50000    0.00000    2.50000    0.90000
   -0.12419   -0.04160    1.88884    0.09836   -0.06374
...
    1.00000    0.00000    0.00000    0.00000    1.50000    0.50000   -1.50000    4.50000
    0.90000    0.00000    0.00000    0.00000    1.50000   -1.00000    1.50000    0.90000
   -0.38066    0.43402    2.89546    1.56536   -0.00600
...
    1.00000    0.00000    0.00000    0.00000    1.50000    0.50000    0.60000    1.00000
    1.00000    0.00000    0.00000    0.00000    1.50000    1.60000    0.20000    1.00000
    0.13964   -0.08377    -5.91539    0.13424   -0.29738
...
    1.00000    0.00000    0.00000    0.00000    2.50000    0.50000   -0.50000    1.00000
    1.00000    0.00000    0.00000    0.00000    2.50000   -1.50000    0.50000    1.00000
   -0.43599    0.02920   -3.13971    0.05884   -1.25547
...
    1.00000    0.00000    0.00000    0.00000    0.10000   -1.50000    0.10000    1.00000
    1.00000    0.00000    0.00000    0.00000    0.10000   -0.50000   -0.90000    1.00000
   -0.02722    0.28143   -2.73619    0.01585    0.08834
...
    1.00000    0.00000    0.00000    0.00000    0.1000    -1.5000    0.10000    1.00000
    1.00000    0.00000    0.00000    0.00000    0.1000    -0.5000    -0.90000    1.00000
...
